Final box01
  bepu.position=(1.5109129E-05, 0.49889612, -6.194769E-05) velocity=(1.1742937E-05, 0.0001261459, -1.889481E-05)
  helengine.position=(0.11839969, 0.76714224, -0.1259702) velocity=(0, 0, 0)
  delta.position=(0.11838458, 0.2682461, -0.12590826) delta.velocity=(-1.1742937E-05, -0.0001261459, 1.889481E-05)

Final box02
  bepu.position=(-3.2157037E-05, 1.4972398, -0.00010531971) velocity=(-0.0010690355, 0.0003238975, 0.00096512603)
  helengine.position=(1.2207661, 0.80175924, -1.2479668) velocity=(0, 0, 0)
  delta.position=(1.2207983, -0.6954806, -1.2478615) delta.velocity=(0.0010690355, -0.0003238975, -0.00096512603)

Final box03
  bepu.position=(-0.000119064425, 2.4961336, -3.4333225E-05) velocity=(-0.0031433285, 0.0002957282, 0.0029139936)
  helengine.position=(2.0912192, 0.7054521, -2.1828144) velocity=(0, 0, 0)
  delta.position=(2.0913382, -1.7906815, -2.18278) delta.velocity=(0.0031433285, -0.0002957282, -0.0029139936)

Final box04
  bepu.position=(-0.00021861828, 3.495581, 0.00014219055) velocity=(-0.005720388, 0.00028861116, 0.005308511)
  helengine.position=(2.8757205, 0.6776791, -2.9023385) velocity=(0, 0, 0)
  delta.position=(2.8759391, -2.8179018, -2.9024806) delta.velocity=(0.005720388, -0.00028861116, -0.005308511)

First material frame divergence
  frame=4 time=0.06666667 body=box03
  positionDelta=0.003914247 velocityDelta=0.114736095
  bepu.position=(-0.00017413439, 2.4954844, -4.85458E-06) helengine.position=(0.0004733893, 2.4916718, -0.0006102404)
  bepu.velocity=(0.00018504937, -0.022158599, 0.0009147027) helengine.velocity=(0.014095662, -0.13426597, -0.019155268)
