Final box01
  bepu.position=(1.5109129E-05, 0.49889612, -6.194769E-05) velocity=(1.1742937E-05, 0.0001261459, -1.889481E-05)
  helengine.position=(0.008837766, 0.51673025, -0.008316635) velocity=(0, 0, 0)
  delta.position=(0.008822657, 0.017834127, -0.008254687) delta.velocity=(-1.1742937E-05, -0.0001261459, 1.889481E-05)

Final box02
  bepu.position=(-3.2157037E-05, 1.4972398, -0.00010531971) velocity=(-0.0010690355, 0.0003238975, 0.00096512603)
  helengine.position=(0.035071786, 1.5003294, -0.035834126) velocity=(0.017252708, 0.008396804, -0.017393935)
  delta.position=(0.035103943, 0.0030895472, -0.035728805) delta.velocity=(0.018321743, 0.008072907, -0.018359061)

Final box03
  bepu.position=(-0.000119064425, 2.4961336, -3.4333225E-05) velocity=(-0.0031433285, 0.0002957282, 0.0029139936)
  helengine.position=(0.05603662, 2.4971428, -0.055344734) velocity=(0.03069755, 0.016722102, -0.029177224)
  delta.position=(0.056155685, 0.0010092258, -0.055310402) delta.velocity=(0.03384088, 0.016426373, -0.03209122)

Final box04
  bepu.position=(-0.00021861828, 3.495581, 0.00014219055) velocity=(-0.005720388, 0.00028861116, 0.005308511)
  helengine.position=(0.07673238, 3.4945557, -0.077371925) velocity=(0.047359075, 0.015443213, -0.04563514)
  delta.position=(0.076951, -0.0010251999, -0.07751411) delta.velocity=(0.053079464, 0.015154602, -0.050943654)

First material frame divergence
  frame=28 time=0.9666662 body=box04
  positionDelta=0.050092142 velocityDelta=0.049528953
  bepu.position=(-0.00021861828, 3.495581, 0.00014219055) helengine.position=(0.031032998, 3.4844053, -0.037376665)
  bepu.velocity=(-0.005720388, 0.00028861116, 0.005308511) helengine.velocity=(0.032492697, 0.004345348, -0.025939211)
